40.1150169,-88.2461558;
40.132309,-88.291262;
40.1161936,-88.2428643;
40.110524,-88.241673;
40.119807,-88.2438559;
40.1111448,-88.2391289;
40.1110535,-88.2441408;
40.1375274658,-88.245300293;
40.1177419112,-88.241513984;
40.117237,-88.2431919;
40.1080694,-88.2295377;
40.1099022,-88.2410371;
40.1093708,-88.2308592;
40.1175214,-88.241992;
40.1192337,-88.2428097;
40.1168917,-88.2426766;
40.1124769,-88.2737372;
40.081594,-88.296677;
40.1103799066,-88.2301879674;
40.117699,-88.24061;
40.135722,-88.241153;
40.12125533,-88.2427998586;
40.0972098875,-88.2458299398;
40.3191829,-88.346751;
40.109335,-88.23084;
40.119931,-88.243878;
40.118654,-88.2428287;
40.095434,-88.246253;
40.1102514,-88.2335202;
40.122052777,-88.2437539673;
40.081322,-88.296709;
40.1435608,-88.256917;
40.1189773,-88.2442721;
40.103246,-88.244236;
40.109713,-88.2317829;
40.139042,-88.258619;
40.1165558776,-88.2420127724;
40.1101577,-88.2294649;
40.117733,-88.243876;
40.118679,-88.244834;
40.1031471749,-88.2442199019;
40.139982,-88.244168;
40.0938755447,-88.2377565934;
40.1076966669,-88.2436596975;
40.117491,-88.243875;
40.083446,-88.297332;
40.1100049,-88.2356592;
40.1133697,-88.24407;
40.1144709,-88.2774003;
40.11698563,-88.242283532;
40.092351,-88.246124;
40.1170182,-88.2455847;
40.113786,-88.243041;
40.1183809,-88.2429963;
40.12811,-88.27974;
40.1095997,-88.2301132;
40.112114,-88.241292;
40.1105509,-88.2344345;
40.083446,-88.297332;
40.110967,-88.242733;
40.1421047,-88.2584758;
40.137405,-88.245935;
40.117703,-88.240775;
40.1672104,-88.2951619;
40.1101891,-88.229688;
40.116597,-88.242292;
40.107661,-88.233757;
40.121049763,-88.2828940451;
40.117021,-88.243038;
40.1095997,-88.2301132;
40.1175386,-88.243133;
40.117733,-88.2439031;
40.1185216,-88.2685325;
40.1104968,-88.2311706;
40.0900638618,-88.2464063362;
40.108173,-88.229887;
40.081711927,-88.2963885071;
40.122513,-88.258227;
40.137778,-88.261075;
40.117801,-88.2408974;
40.1165811599,-88.2418391481;
40.116827657,-88.2433574314;
40.083205,-88.264459;
40.110967,-88.2427527;
40.1185005,-88.2449807;
40.1154409,-88.239519;
40.1100246,-88.2332899;
40.117978,-88.240271;
40.1178627014,-88.2433013916;
40.1128733,-88.2087204;
