40.1158147,-88.2411949;
40.1159346,-88.24095710000002;
40.1158323,-88.241186;
40.1154328,-88.2413385;
40.1162433,-88.2436767;
40.1271567,-88.2401017;
40.10145670000001,-88.2304;
40.11025,-88.23054169999999;
40.115735,-88.24102540000001;
40.11578859999999,-88.24120099999999;
40.148355,-88.25558;
40.0981583,-88.2710517;
40.1102056,-88.2337194;
40.1272933,-88.2397967;
40.105356,-88.232491;
40.10935,-88.22882;
40.1101821,-88.2280244;
40.1161944,-88.2426389;
40.1144667,-88.2367841;
40.115391,-88.242004;
40.1158147,-88.2411949;
40.1158323,-88.241186;
40.1057154,-88.20883880000001;
40.115404,-88.195252;
40.11265,-88.2036267;
40.115735,-88.24102540000001;
40.111648,-88.20803;
40.1109867,-88.2088267;
40.1123354,-88.1705064;
40.1159346,-88.24095710000002;
40.115675,-88.19872;
40.1039167,-88.2096358;
40.1031467,-88.2050833;
40.087435,-88.187894;
40.1101821,-88.2280244;
40.110474,-88.16001;
40.1165567,-88.2125567;
40.11049209999999,-88.2273372;
40.1106417,-88.2177017;
40.1071467,-88.21934;
