-88.1967487,40.1236031;
-88.2838323921888,40.114628;
-88.2485022268927,40.1314652050217;
-88.2736371220088,40.1274681478836;
-88.2930487,40.1121083;
-88.2203790503068,40.1125857;
-88.1936766,40.09737245;
-88.1870994,40.09501305;
-88.2036180808081,40.101910979798;
-88.23500145,40.1120696;
-88.2400586153846,40.1089137692308;
-88.2367211632653,40.1103163469388;
-88.3466248473302,40.3143283463904;
-88.039325,40.110467;
-88.2196459063074,40.130799450824;
-88.1973254036578,40.1310287826477;
-88.1984597959184,40.094614122449;
-88.2814634040404,40.110141020202;
-88.2087186047748,40.1138425;
-88.2390683476827,40.1057011;
-88.2226184729947,40.1136333881974;
-88.240166755102,40.1100199183673;
-88.2201903,40.1122944;
-88.039325,40.110467;
-88.2196459063074,40.130799450824;
-88.243539,40.068754;
-88.3086099,40.0824472;
-88.1973254036578,40.1310287826477;
-88.1984597959184,40.094614122449;
-88.2814634040404,40.110141020202;
-88.2087186047748,40.1138425;
-88.2390683476827,40.1057011;
-88.2226184729947,40.1136333881974;
-88.240166755102,40.1100199183673;
-88.2201903,40.1122944;
-88.27163,39.911507;
-88.2451767,40.0944676;
-88.276722,40.1060213333333;
-88.245159,40.11532;
-88.2061494417669,40.1162375868135;
-88.346819,40.311867;
-88.2434206122449,40.1204609183673;
-88.2363704738258,40.11464665;
-88.2092185,40.1105015;
-88.2197534707217,40.1120163;
-88.2756775281684,40.0916773;
-88.19426145,40.0957569;
-88.2849392281879,40.1093489798658;
-88.2133864675767,40.1141295;
-88.2871990985891,40.1269191499869;
-88.280560875,40.1275495972222;
-88.2514987,40.1180147;
-88.1738051498733,40.1054801;
-88.17571365,40.1042268;
-88.4302649026314,40.361232741545;
-88.2404173877551,40.107724;
-88.26151,40.130891;
-88.2185597497119,40.1245174;
-88.2138026776411,40.11105555;
-88.276633,40.11161525;
-88.2568205,40.085244;
-88.1993388585858,40.0852867070707;
-88.2210256122449,40.1164980816326;
-88.229189,40.1165489;
-88.2545583061224,40.0692038163265;
-94.9636014,30.5501455;
-88.2075143277779,40.1207721680663;
-88.22207425,40.11573045;
-88.2295091,40.1054384;
-88.2146774287799,40.1130321970807;
-88.2314504,40.1104259;
-88.309979,40.107489;
-88.2704085306122,40.146293;
-88.2189797,40.1123274;
-88.2389988,40.1050381;
-88.311938,40.106879;
-88.1959796326531,40.1312100612245;
-88.2419514693878,40.106425122449;
-88.239138,40.105465;
-88.2216359243335,40.1157247;
-88.2767604045103,40.1084324385051;
-88.349667,40.314471;
-88.039325,40.110467;
-88.2372133,40.1103785;
-88.2316499591837,40.1102025510204;
-88.213441900993,40.1135378583067;
-88.277086,40.137975;
-88.2366822653061,40.1154482040816;
-88.2965357755102,40.1260821428571;
-88.22292885,40.1142176;
-88.2371710139009,40.1123191733297;
-88.2351400189039,40.1078561704495;
-88.2440723534635,40.1449420407093;
-88.2368269183674,40.1113653673469;
-88.2161542727273,40.103635;
-88.1839273894923,40.156529;
-88.239499,40.11134;
-88.2384383877551,40.1089267346939;
-88.036978,40.111409;
-88.2384655918367,40.1089264897959;
-88.233302733217,40.11362;
-88.2383859795918,40.1090922244898;
-88.039325,40.110467;
-88.2224401264058,40.1062324;
-88.2371257142857,40.107752877551;
-88.2293314019886,40.1155845;
-88.2184263332565,40.10008605;
-88.2350345306122,40.1066432244898;
-88.2398558461538,40.1089153076923;
-88.2160830909091,40.1132974848485;
-88.211707175104,40.11262915;
-88.2384285714286,40.1078267959184;
-88.346705,40.310783;
-88.2455911169556,40.1009825238105;
-88.2098834081633,40.1143070612245;
-88.2098834081633,40.1143070612245;
-88.3468071946076,40.3106263950897;
-88.2402020816326,40.107702;
-88.2368283877551,40.1101504489796;
-88.2368283877551,40.1101504489796;
-88.2179768979592,40.1091683673469;
-88.2476985012821,40.0998260585751;
-88.346705,40.310783;
-88.167189584507,40.1102477112676;
-88.1451,40.312784;
-88.186694,40.128164;
-88.247358,40.099824;
-88.2469667077342,40.0990798131216;
-88.22111635,40.11336285;
-88.429105,40.360616;
-88.245377804024,40.1008925474296;
-88.2177559387755,40.1044322857143;
-88.2470001428571,40.1033336122449;
-88.2076894081633,40.1018845510204;
-88.1969949455782,40.0982843537415;
-88.2965848246285,40.1208192331451;
-88.346705,40.310783;
-88.2179768979592,40.1091683673469;
-88.27096468875,40.0805255;
-88.217766,40.105651;
-88.2163605390883,40.1091911403824;
-88.2190443736721,40.11125995;
-88.21820325,40.10722725;
-88.2163327825736,40.1091914503187;
-88.217772,40.105408;
-88.2469109423339,40.099080633201;
-88.2127677,40.1108343;
-88.2163605390883,40.1091911403824;
-88.2469109423339,40.099080633201;
-88.2190443736721,40.11125995;
-88.1984345918367,40.094614244898;
-88.2471045704548,40.1201042386364;
-88.2730200363981,40.1453950890309;
-88.2471045704548,40.1201042386364;
-88.2190443736721,40.11125995;
-88.214615,40.115145;
-88.2146151555555,40.1151552666667;
-88.2110389387755,40.1173396530612;
-88.2122651259105,40.110053;
-88.2901946,40.112964;
-88.2715196258356,40.1117533974633;
-88.1994355762086,40.0919703351554;
-88.2724973461539,40.0869967307692;
-88.3137992236754,40.1235664692295;
-88.2608256938775,40.1262187346939;
-88.2949400704225,40.1244748450704;
-88.210046,40.117346;
-88.211007,40.11734;
-88.2111028163265,40.1173389591837;
-88.211070877551,40.1173393061224;
-88.24145,40.1087923673469;
-88.2191087778046,40.1120228;
-88.2335891263733,40.1428200485039;
-88.2404276734694,40.1088351836735;
-88.24145,40.1087923673469;
-88.2861300666667,40.1083030666667;
-88.2062015203711,40.1127372480869;
-88.2728645700517,40.1136377996029;
-88.245171,40.117288;
-88.2540434971965,40.1155435;
-88.204841,40.106392;
-88.2540434971965,40.1155435;
-88.2646988423939,40.1306974161501;
-88.2691589259259,40.0981305555556;
-88.204886059374,40.1053415834702;
-88.2032981866868,40.1036841698715;
-88.2031396702678,40.1038512155273;
-88.2046791,40.1050713;
-88.2041948288145,40.10493815;
-88.203685079617,40.1036810819937;
-88.2139988,40.1104045;
-88.2292532972973,40.1150626;
-88.214196,40.110424;
-88.214369,40.1104097;
-88.2038499513129,40.10489015;
-88.214196,40.110424;
-88.2714130454546,40.0981460454545;
-88.2334720612245,40.1174277142857;
-88.2368143745491,40.1172460845632;
-88.2114184954287,40.11211425;
-88.2714130454546,40.0981460454545;
-88.2767579310085,40.1082822823982;
-88.248721,40.099789;
-88.27683,40.108919;
-88.214369,40.1104097;
-88.2352308163265,40.1154541020408;
-88.2713945227273,40.0981460227273;
-88.2139988,40.1104045;
-88.245171,40.117288;
-88.207736,40.117167;
-88.2313774413021,40.11472355;
-88.2313774413021,40.11472355;
-88.207736,40.117167;
-88.279196181818,40.0899316232832;
-88.2514999,40.07616785;
-88.2075280816326,40.1075160204082;
-88.2412963157895,40.1260926315789;
-88.2048380060505,40.1074090603354;
-88.2046791,40.1050713;
-88.286923,40.126679;
-88.2540434971965,40.1155435;
-88.286923,40.126679;
-88.286923,40.126679;
-88.2765177511939,40.0907188778089;
-88.1925291632653,40.0931410612245;
-88.2814624444444,40.1100612222222;
-88.2517234445711,40.0752206;
-88.4164996,40.1930469;
-88.2409630625,40.12117734375;
-88.190384,40.076497;
-88.2674150191964,40.1204827685056;
-88.192874,40.092184;
-88.1975276510067,40.085352557047;
-88.2145893939394,40.1064256969697;
-88.2147739708353,40.108370885276;
-88.2177691198479,40.1050599196829;
-88.2147991343042,40.1083706786417;
-88.2162028975712,40.108193681474;
-88.248783675,40.1132846;
-88.2180446,40.1121528;
-88.248337877551,40.1124632244898;
-88.2116385,40.1122032;
-88.2699695259559,40.1363645910097;
-88.2168478844221,40.1202775778894;
-88.2654476734694,40.1273574081633;
-88.200995,40.11002;
-88.2161899189274,40.1073727604668;
-88.2169613,40.1125953;
-88.2163605,40.1110671;
-88.215045122449,40.1115580204082;
-88.216335,40.1112446;
-88.216335,40.1112446;
-88.2150251020408,40.1115581836735;
-88.2165295,40.1108866;
-88.2162792641901,40.1113810173175;
-88.2163621604752,40.1113795432938;
-88.22207415,40.11421565;
-88.2163605,40.1110671;
-88.2199445751562,40.1125216;
-88.2149650408163,40.1115586734694;
-88.2150050816327,40.1115583469388;
-88.2162792641901,40.1113810173175;
-88.2149850612245,40.1115585102041;
-88.2163605,40.1110671;
-88.2175326,40.110862;
-88.2175326,40.110862;
-88.2149650408163,40.1115586734694;
-88.2150030816326,40.1113933469388;
-88.216169,40.112907;
-88.2163605,40.1110671;
-88.2149850612245,40.1115585102041;
-88.2167132,40.1108856;
-88.2531721822281,40.1090940680817;
-88.2323409,40.1171874;
-88.16549962837,40.090424234185;
-88.191743,40.093187;
-88.2546706937086,40.0854808397349;
-88.2312657268259,40.11288235;
-88.2402020816326,40.107702;
-88.2402017755102,40.107679;
-88.2170069701421,40.11029805;
-88.1984345918367,40.094614244898;
-88.2173181994323,40.11010385;
-88.237126,40.107799;
-88.1984345918367,40.094614244898;
-88.2173181994323,40.11010385;
-88.2170069701421,40.11029805;
-88.2173181994323,40.11010385;
-88.192552,40.092186;
-88.2437783,40.1184918;
-88.2442711,40.1163011;
-88.2312657268259,40.11288235;
-88.4164996,40.1930469;
-88.247093122449,40.122209244898;
-88.2470660816327,40.1222091632653;
-88.2438384285714,40.1220475918367;
-88.2468366,40.1187395;
-88.2468366,40.1187395;
-88.22207415,40.11421565;
-88.192552,40.092186;
-88.2425689,40.1165382;
-88.2409630625,40.12117734375;
-88.2409630625,40.12117734375;
-88.2409630625,40.12117734375;
-88.2409630625,40.12117734375;
-88.2409630625,40.12117734375;
-88.2409630625,40.12117734375;
-88.2409630625,40.12117734375;
-88.2410185833333,40.1211777083333;
-88.2409630625,40.12117734375;
-88.2409630625,40.12117734375;
-88.2409630625,40.12117734375;
-88.2409630625,40.12117734375;
-88.2409630625,40.12117734375;
-88.2409630625,40.12117734375;
-88.4164996,40.1930469;
-88.4164996,40.1930469;
-88.4164996,40.1930469;
-88.4164996,40.1930469;
-88.4164996,40.1930469;
-88.4164996,40.1930469;
-88.2522683571429,40.0999512857143;
-88.3468071946076,40.3106263950897;
-88.3468071946076,40.3106263950897;
-88.210072122449,40.117345877551;
-88.24437665,40.10606395;
-88.2520269591837,40.1115891836735;
-88.2503101836735,40.1100585714286;
-88.2483470816326,40.1140868367347;
-88.2467657,40.1089793;
-88.2465449,40.11235305;
-88.276696,40.104421;
-88.2761722,40.1080285;
-88.2503649795918,40.114438755102;
-88.2487230199224,40.115602;
-88.2184939035374,40.1087657;
-88.2941710736466,40.0787529725231;
-88.2479560279822,40.0594963;
-88.2834344366625,40.0868731491121;
-88.3033641719557,40.1317351815806;
-88.265349,40.126643;
-88.2403236,40.0554635;
-88.1924848163265,40.0929763061225;
-88.2801171739993,40.1081480012324;
-88.2509331876682,40.1386632065016;
-88.2814614848485,40.1099814242424;
-88.0697306043771,40.0216746941969;
-88.2171754302365,40.1183498766851;
-88.2901946,40.112964;
-88.2547280205078,40.0850616490529;
-88.2486966938775,40.1142796938775;
-88.2765177511939,40.0907188778089;
-88.2979936301878,40.1110742084072;
-88.1905897261307,40.0947614773869;
-88.2495675254853,40.097943671634;
-88.190384,40.076497;
-88.2495660509705,40.0979213432681;
-88.2495645764558,40.0978990149021;
-88.2494399486001,40.0955634030506;
-88.2470339361523,40.1064838;
-88.2494528089856,40.0967493143111;
-88.2494506251465,40.0965479331537;
-88.2494513530929,40.0966150602062;
-88.2492298110994,40.0960639285051;
-88.309217,40.107524;
-88.2942976697681,40.1079215928151;
-88.2509331876682,40.1386632065016;
-88.2819727708333,40.0958904583333;
-88.2434100909091,40.1170384545455;
-87.9960020652174,39.9082380652174;
-88.2347065840754,40.11513475;
-88.2171754302365,40.1183498766851;
-88.2491976498849,40.1155397;
-88.2471024897959,40.119125755102;
-88.248489,40.1206798;
-88.2486332653061,40.1041834081633;
-88.2581935510204,40.1134279387755;
-88.2162865902846,40.1081927258959;
-88.192539,40.092976;
-88.27720525,40.09512575;
-88.1917287857143,40.0921371428571;
-88.2177952004069,40.1142871220925;
-88.2127677,40.1108343;
-88.2494416471416,40.0957200328397;
-88.2492215827108,40.0952767460023;
-88.2211972857143,40.120360244898;
-88.2509331876682,40.1386632065016;
-88.2509331876682,40.1386632065016;
-88.2098374,40.0984768;
-88.2191616326531,40.1089066122449;
-88.2384131836735,40.1090919795918;
-88.2193175714286,40.1193392244898;
-88.2640648861354,40.0947837048907;
-88.2384403877551,40.1090917346939;
-88.2179329725771,40.1065581969183;
-88.2433829,40.1164205;
-88.2434100909091,40.1170384545455;
-88.2640648861354,40.0947837048907;
-88.248489,40.1206798;
-87.9960020652174,39.9082380652174;
-88.2160968979592,40.1140413877551;
-88.2491976498849,40.1155397;
-88.2384131836735,40.1090919795918;
-88.248489,40.1206798;
-87.9960020652174,39.9082380652174;
-88.217818755102,40.1089422857143;
-88.248489,40.1206798;
-88.248489,40.1206798;
-88.2179476734694,40.1090037755102;
-88.207854391654,40.1171971325228;
-88.2746949000418,40.0983328417326;
-88.2162865902846,40.1081927258959;
-88.268703547479,40.1299396501418;
-88.2736648333333,40.1318828333333;
-88.2788651738072,40.082302864099;
-88.2494540222295,40.0968611927319;
-88.269548,40.132451;
-88.2494498972002,40.0964808061012;
-88.2494382500586,40.0954067732615;
-88.2494401912489,40.0955857787348;
-88.2492347481325,40.0965362380068;
-88.2470195,40.10697045;
-88.2812223087248,40.1081344161074;
-88.2196460244336,40.1308147998404;
-88.2471045704548,40.1201042386364;
-88.2163605390883,40.1091911403824;
-88.1988800344982,40.1099684636697;
-88.2356539209856,40.10921735;
-88.216167877551,40.106412755102;
-88.2162865902846,40.1081927258959;
-88.253377,40.09628;
-88.2162495130295,40.1091923801275;
-88.2765177511939,40.0907188778089;
-88.2558416170902,40.1212699491558;
-88.2179329725771,40.1065581969183;
-88.2179728979592,40.1090033673469;
-88.2147231436241,40.109728908892;
-88.2491976498849,40.1155397;
-88.2347065840754,40.11513475;
-88.2179728979592,40.1090033673469;
-88.217818755102,40.1089422857143;
-88.2384403877551,40.1090917346939;
-88.248489,40.1206798;
-88.2179476734694,40.1090037755102;
-88.248489,40.1206798;
-88.248489,40.1206798;
-88.2188699787763,40.1041686;
-88.2196460244336,40.1308147998404;
-88.2730200363981,40.1453950890309;
-88.2607302653061,40.1254829387755;
-88.2075354423003,40.1273910580269;
-88.2282989374457,40.1279055160732;
-88.2726647755102,40.1109982857143;
-88.2163327825736,40.1091914503187;
-88.2471045704548,40.1201042386364;
-88.2190443736721,40.11125995;
-88.211216,40.1113338;
-88.249450139849,40.0965031817854;
-88.2110132,40.1113007;
-88.2494406765464,40.0956305301031;
-88.2055671682599,40.1085257042497;
-88.204297,40.1221647577906;
-88.241312,40.1089046363636;
-88.238498,40.106451;
-88.197615040404,40.098448040404;
-88.2460578368607,40.1140917947523;
-88.276518,40.090739;
-88.302093,40.11203;
-88.2486966938775,40.1142796938775;
-88.2703926776824,40.1162110167394;
-88.2547326506476,40.085044270172;
-88.2138479496909,40.11210865;
-88.2138479496909,40.11210865;
-88.2147231436241,40.109728908892;
-88.2138479496909,40.11210865;
-83.559976,40.2252146;
-87.9960020652174,39.9082380652174;
-88.216167877551,40.106412755102;
-88.2177599941892,40.1144502794941;
-88.2595485952381,40.1203030952381;
-88.279335,40.112862;
-88.276518,40.090739;
-88.2402358685532,40.1124981319302;
-88.3468067919114,40.3106110926345;
-88.1451,40.312784;
-88.24098,40.1089071818182;
-88.206072,40.108351;
-88.241063,40.1089065454545;
-88.346705,40.310783;
-88.2163282752711,40.1104211;
-88.346705,40.310783;
-88.2061245918367,40.1082861428571;
-88.1901732759874,40.1055787429604;
-88.2495660509705,40.0979213432681;
-88.2494537795807,40.0968388170478;
-88.2494392206537,40.0954962759981;
-88.2469109423339,40.099080633201;
-88.182486,40.103263;
-88.22090235,40.1130024;
-88.2467724489796,40.0997427142857;
-88.2196460244336,40.1308147998404;
-88.2190443736721,40.11125995;
-88.2949397323944,40.1244857887324;
-88.2956889158186,40.1122360565839;
-88.216169877551,40.106577755102;
-88.1930846494566,40.1006013487613;
-88.2896695417154,40.0999498508163;
-88.1947,40.113921;
-88.2910269906699,40.1025228708388;
-88.2163068962851,40.1113805259763;
-88.1928398143344,40.0937548692152;
-88.2294153,40.1104271;
-88.3465896734694,40.307694;
-88.2163621604752,40.1113795432938;
-88.216335,40.1112446;
-88.191738,40.089897;
-88.2211257,40.11300995;
-88.2194317051604,40.112030096164;
-88.2218086263927,40.1130049;
-88.2177181,40.112804;
-88.2368476122449,40.111365244898;
-88.2950659387755,40.099291;
-88.21819245,40.11233665;
-88.2022074867657,40.1038226730149;
-88.2454407142857,40.1100780204082;
-88.2317197138124,40.1120221065236;
-88.2162565506232,40.1115455556351;
-88.2399672000601,40.10930245;
-88.2419475,40.1065891666667;
-88.2383806172383,40.10997075;
-88.235181755102,40.109119244898;
-88.200703,40.127507;
-88.23479075,40.10532375;
-88.036978,40.111409;
-88.230945452646,40.1117431;
-88.2397691702236,40.10571125;
-88.2216105962865,40.1151723;
-88.2325994658056,40.1160133;
-88.2183263994077,40.1094579;
-88.219464232184,40.1146694165123;
-88.2701940907,40.1381095138312;
-88.253116,40.067742;
-88.2521549183673,40.1115893673469;
-88.2631735967545,40.054497;
-88.2382358748486,40.10763295;
-88.036978,40.111409;
-88.2190670204082,40.1035112040816;
-88.24498605,40.11504675;
-88.2501832857143,40.1114125918367;
-88.2760251736956,40.11134365;
-88.3465911976008,40.3106157384207;
-88.23096115,40.1132041;
-88.349667,40.314471;
-88.2382023748801,40.1056842;
-88.039325,40.110467;
-88.349667,40.314471;
-88.346705,40.310783;
-88.235702350434,40.108742;
-88.2173462,40.1108784;
-88.2394153265306,40.1101289591837;
-88.2410074791667,40.1211776354167;
-88.2290004782609,40.1113478695652;
-88.036978,40.111409;
-88.203547122449,40.1117757346939;
-88.2318321688862,40.1137032;
-88.039325,40.110467;
-88.2179260287869,40.1063930459419;
-88.233296,40.114425;
-88.2343231,40.10568755;
-88.2023894595533,40.1163920257356;
-88.2368398163265,40.1091062040816;
-88.2340097828765,40.11468455;
-88.346825,40.313128;
-88.3466095918367,40.3130462244898;
-88.2384675918367,40.1090914897959;
-88.2471045704548,40.1201042386364;
-88.2373098503304,40.11240485;
-88.229718886848,40.11476905;
-88.2374962040816,40.1052038979592;
-88.234461976538,40.11056045;
-88.4547960759406,39.9432183002634;
-88.207736,40.117167;
-88.2139702,40.1117429;
-88.2351355,40.1062331;
-88.2300647346939,40.1069205714286;
-88.2313963047798,40.11514335;
-88.039325,40.110467;
-88.235695,40.1126525;
-88.21866245,40.11259015;
-88.250792,39.987278;
-88.2398558461538,40.1089153076923;
-88.2382067944984,40.1062123;
-88.2350136844023,40.10823705;
-88.2196522,40.1356961;
-88.2383375102041,40.1066173469388;
-88.2368010816327,40.1101506734694;
-88.2297236918772,40.1156356;
-88.2329253720327,40.11288015;
-88.2377112040816,40.1052028979592;
-88.2398068481803,40.10990855;
-88.346705,40.310783;
-88.2147514940684,40.1130426347513;
-88.2366394,40.1103401;
-88.233264629145,40.1103464599821;
-88.2217175,40.1068667;
-88.217832877551,40.1104769387755;
-88.2177626670058,40.1142824350771;
-88.2216350462119,40.1133265;
-88.2200205748636,40.1157161;
-88.2191024947874,40.1051680900788;
-88.2351257,40.1153697;
-88.2365936,40.1131808;
-88.2313556,40.1111607;
-88.146394054054,40.3158860540541;
-88.2317502590014,40.1091506201958;
-88.2326054,40.1137139;
-88.2346470756627,40.1057041;
-88.2347079548205,40.10512445;
-88.2301899757691,40.1156646;
-88.2384438367347,40.1064514489796;
-88.2644448547811,40.0846145;
-88.249665465219,40.10989405;
-88.1942713,40.0949707;
-88.2384528250585,40.107611;
-88.22971215,40.1151072;
-88.2510684,40.1180229;
-88.2377312233177,40.11233615;
-88.2138479496909,40.11210865;
-88.2331215427516,40.1117169;
-88.2217267249837,40.1138243;
-88.2371706759339,40.1123271155531;
-88.2492023628543,40.1099049;
-88.191588,40.090612;
-88.2046791,40.1050713;
-88.245377804024,40.1008925474296;
-88.2469667077342,40.0990798131216;
-88.22111635,40.11336285;
-88.2901946,40.112964;
-88.2179768979592,40.1091683673469;
-88.2368283877551,40.1101504489796;
-88.275660826087,40.1089052173913;
-88.23948965,40.10618495;
-88.2165968551417,40.11343175;
-88.2471606115724,40.1202683138752;
-88.240249,40.114492;
-88.210046,40.117346;
-88.2381245722952,40.10425405;
-88.201503,40.11161;
-88.349667,40.314471;
-88.2325512735833,40.1281252;
-88.2377788,40.11117265;
-88.2366345306122,40.1152834081633;
-88.2366111632653,40.1152835102041;
-88.24583195,40.10705725;
-88.1858328772303,40.241575207331;
-88.2384655918367,40.1089264897959;
-88.2467657,40.1089793;
-88.248337755102,40.1124344489796;
-88.2454841579012,40.10801085;
-88.2293314019886,40.1155845;
-88.234499,40.1088006;
-88.1928328367347,40.0915623061225;
-88.2394480833333,40.1090834166667;
-88.24818935,40.10955745;
-88.250784,40.148442;
-88.2442933282678,40.1013163197282;
-88.2503121836735,40.1102225714286;
-88.242590933328,40.1160402;
-88.262829,40.128641;
-88.2356488751678,40.114676;
-88.2120218748793,40.11217585;
-88.247084244898,40.121094755102;
-88.2330545271958,40.1156486;
-88.241312,40.1089046363636;
-88.2294819,40.11471175;
-88.2340316,40.1088149;
-88.230916275,40.1146792;
-88.24437665,40.10606395;
-88.191732,40.092396;
-88.2342507463734,40.11559465;
-88.240715,40.1084522;
-88.3512192968374,40.317545542397;
-88.2501835714286,40.111464755102;
-88.260384,40.124968;
-88.248721,40.099789;
-88.1905897311558,40.0947613768844;
-88.039325,40.110467;
-88.039325,40.110467;
-88.231625396371,40.11467845;
-88.2346547248614,40.1099528;
-88.2857842,40.0984207;
-88.2163282752711,40.1104211;
-88.2204731883985,40.1120445272867;
-88.2189494754008,40.10670965;
-88.2133766,40.1100178;
-88.220441,40.1157304;
-88.2176282959349,40.1129447629633;
-88.201276,40.111162;
-88.2190443736721,40.11125995;
-88.211707175104,40.11262915;
-88.204883372916,40.1053817223135;
-88.2075950408163,40.1091413673469;
-88.207136,40.100053;
-88.2090231170232,40.1054908328267;
-88.219543800729,40.1202255276058;
-88.2061072244898,40.1074500408163;
-88.2023887959184,40.1109025714286;
-88.2179102653061,40.1105264489796;
-88.2838323921888,40.114628;
-88.2485022268927,40.1314652050217;
-88.2736371220088,40.1274681478836;
-88.2485304124013,40.1440927614094;
-88.2203790503068,40.1125857;
-88.2196459063074,40.130799450824;
-88.2390683476827,40.1057011;
-88.27163,39.911507;
-88.280560875,40.1275495972222;
-88.2514987,40.1180147;
-88.4302649026314,40.361232741545;
-88.26151,40.130891;
-88.2295091,40.1054384;
-88.2704085306122,40.146293;
-88.239138,40.105465;
-88.2133864675767,40.1141295;
-88.2185597497119,40.1245174;
-88.2138026776411,40.11105555;
-88.22207425,40.11573045;
-88.2216359243335,40.1157247;
-88.277086,40.137975;
-88.2366822653061,40.1154482040816;
-94.9402412722208,38.8100944456272;
-94.6096261439834,38.6797669881753;
-88.22292885,40.1142176;
-1.988103,52.5839213;
-88.248783675,40.1132846;
138.6135728,-34.7889085;
27.2398594,-25.6483289;
9.4741372,51.316755;
9.4741372,51.316755;
-89.7784639,33.1969622;
-89.7784639,33.1969622;
-71.1217025767536,42.7204785984412;
-88.2491976498849,40.1155397;
-88.2520269591837,40.1115891836735;
-72.6203675,42.1070383;
-88.2483470816326,40.1140868367347;
-97.273025958937,37.5433466605182;
-88.276696,40.104421;
-75.8786279020408,40.8251285612245;
-73.6694350430829,41.9851223894995;
-88.2347065840754,40.11513475;
-88.2368476122449,40.111365244898;
-88.248489,40.1206798;
-83.8114746458333,39.9025588125;
-75.971804,40.954608;
-88.2317197138124,40.1120221065236;
-88.2383806172383,40.10997075;
-88.23479075,40.10532375;
-88.2196460244336,40.1308147998404;
-97.0998249,31.8006458;
-88.2160968979592,40.1140413877551;
-88.2138479496909,40.11210865;
27.8974127,-25.7613505;
-88.2211257,40.11300995;
-88.216335,40.1112446;
-75.347988,40.1240285;
-88.2183263994077,40.1094579;
-88.2194317051604,40.112030096164;
-88.2177181,40.112804;
-80.3424188493151,40.9964503972603;
-88.219464232184,40.1146694165123;
-122.3377583,48.4191703;
-88.2701940907,40.1381095138312;
-88.2373098503304,40.11240485;
-88.2521549183673,40.1115893673469;
-75.14889175,39.94240175;
-95.9616232,29.0710871;
-88.234461976538,40.11056045;
-75.14910275,39.94243175;
-88.2384111836735,40.1089269795918;
-88.2350136844023,40.10823705;
-75.9702868791721,40.9541676797634;
-88.2351355,40.1062331;
-75.7600990478605,41.3428230113474;
-1.3467076,53.8922698;
-75.9723286989398,40.9547582479186;
-88.2368010816327,40.1101506734694;
-88.9201727142857,37.7440485510204;
-117.292478367347,34.1091895306122;
-88.2329253720327,40.11288015;
-88.2377312233177,40.11233615;
-82.9364775306123,42.3607502653061;
-88.2218217001109,40.1133299;
-75.3463425,40.1230935;
-88.2325512735833,40.1281252;
-73.7898113666667,42.6747199666667;
-88.2116385,40.1122032;
-88.231625396371,40.11467845;
-89.1946823,39.637687;
-88.2900067484811,40.1227810595132;
-88.289728320541,40.101479340885;
-88.3067622224687,40.1232068553367;
-88.249507,40.083433;
-88.3222364186047,40.0848131162791;
-88.2607302653061,40.1254829387755;
-88.280088020701,40.1014738129874;
-88.2535002449857,40.0993773855918;
-88.265349,40.126643;
-88.016545,40.113195;
-88.253857677933,40.105953505031;
-88.2740482653061,40.1329234081633;
-88.2470339361523,40.1064838;
-88.346705,40.310783;
-88.2515767142857,40.0935587142857;
-88.2305936122449,40.126446877551;
-88.2875021298466,40.0915555712665;
-88.268977,40.088322;
-88.2487604795769,40.10913825;
-88.252205,40.103677;
-88.2828805149658,40.0876016369563;
-88.2746949000418,40.0983328417326;
-88.3497752653061,40.317580877551;
-88.2867372424552,40.0933070883371;
-88.2804398787879,40.0816616060606;
-88.2804398787879,40.0816616060606;
-88.2979936301878,40.1110742084072;
-88.2729464472093,40.1136388852037;
-88.2608256938775,40.1262187346939;
-88.2674150191964,40.1204827685056;
-88.2517271935859,40.0937728245717;
-88.2455911169556,40.1009825238105;
-88.257644,40.0981527;
-88.2581935510204,40.1134279387755;
-88.2486332653061,40.1041834081633;
-88.250201,40.114233;
-88.268703547479,40.1299396501418;
-88.297494,40.126254;
-88.271967,40.144181;
-88.2515714761117,40.1057139225482;
-88.2562979989918,40.0942009666936;
-88.2730333014177,40.1008418159472;
-88.2688876122449,40.1174596734694;
-88.2832995167483,40.0852076844302;
-88.2949397323944,40.1244857887324;
-83.5593738923498,40.223286363513;
-88.2736518517153,40.1004461178806;
-88.2533817142857,40.121262244898;
-88.2819727708333,40.0958904583333;
-88.2526444055796,40.1544702774309;
-88.27260325,40.09814975;
-88.255933,40.106154;
-88.2545670688402,40.0940282663543;
-88.288047,40.096078;
-88.271103,40.108866;
-88.2595485952381,40.1203030952381;
-88.278862942029,40.0973990144928;
-88.2646988423939,40.1306974161501;
-88.2476972264778,40.0999911159111;
-88.2676490480121,40.1319497074333;
-88.2612972747458,40.1278569169584;
-88.2520917959184,40.1134055714286;
-88.260212,40.116692;
-88.153187,40.006948;
-88.248337877551,40.1124632244898;
-88.2454648769107,40.1254043888313;
-88.2901946,40.112964;
-88.27720525,40.09512575;
-88.253377,40.09628;
-88.299617254685,40.1089090094554;
-88.2393595072414,40.1086401;
-88.2626546326531,40.1125219591837;
-88.2526963748481,40.0858713724182;
-88.269548,40.132451;
-88.2724973461539,40.0869967307692;
-88.247093122449,40.122209244898;
-88.2468204,40.1171864;
-88.2470001428571,40.1033336122449;
-88.302093,40.11203;
-88.2965848246285,40.1208192331451;
-88.2468204,40.1171864;
-88.2702084743496,40.0972495539158;
-88.2942976697681,40.1079215928151;
-88.2731650855436,40.115579120001;
-88.2836445005606,40.0870414363412;
-88.2736648333333,40.1318828333333;
-88.245171,40.117288;
-88.2812357315436,40.1090938120805;
-88.26297945,40.12732255;
-88.266275,40.111696;
-88.2438384285714,40.1220475918367;
-88.2279766431569,40.11663065;
-88.2897644244503,40.0996657211948;
-88.309217,40.107524;
-88.2726487197548,40.1128809241329;
-88.2412963157895,40.1260926315789;
-88.279196181818,40.0899316232832;
-88.3089966831252,40.1046925387316;
-88.2477723,40.1070143;
-88.2492502177996,40.0975926346647;
-88.2588615546193,40.0924674284977;
-88.2655336938775,40.1273586326531;
-88.2702207906273,40.0972516750525;
-88.2485947959184,40.1048632857143;
-88.2807717673748,40.0922027192153;
-88.2469109423339,40.099080633201;
-88.2834344366625,40.0868731491121;
-88.2538647288123,40.1066867964826;
-88.2536029435011,40.0962325214572;
-88.2334720612245,40.1174277142857;
-88.2739784502931,40.1342346147091;
-88.2352308163265,40.1154541020408;
-88.2368143745491,40.1172460845632;
-88.2703926776824,40.1162110167394;
-88.279335,40.112862;
-88.233302733217,40.11362;
-88.2667974565217,40.1272115652174;
-88.2682044711337,40.1299372867001;
-88.2682044711337,40.1299372867001;
-88.036978,40.111409;
-88.039325,40.110467;
-88.2805437726634,40.0921461465152;
-88.2726647755102,40.1109982857143;
-88.2703506588877,40.1327366921465;
-88.2454616938775,40.124671877551;
-88.25259425,40.1090905;
-88.3109646065218,40.0842818781574;
-88.2676806511785,40.1319610676951;
-88.2857842,40.0984207;
-88.240001,40.11028975;
-88.2329156527758,40.1104423;
-88.239949,40.110290125;
-88.3468186326531,40.3118081632653;
-88.239949,40.110290125;
-88.346818755102,40.3118277755102;
-88.239897,40.1102905;
-88.239897,40.1102905;
-88.2690336372377,40.1144101836136;
-88.2652375102041,40.1174273877551;
-88.2282989374457,40.1279055160732;
-88.2558416170902,40.1212699491558;
-88.238498,40.106451;