-88.2900067484811,40.1227810595132;
-88.289728320541,40.101479340885;
-88.3067622224687,40.1232068553367;
-88.249507,40.083433;
-88.3222364186047,40.0848131162791;
-88.2607302653061,40.1254829387755;
-88.280088020701,40.1014738129874;
-88.2535002449857,40.0993773855918;
-88.265349,40.126643;
-88.016545,40.113195;
-88.253857677933,40.105953505031;
-88.2740482653061,40.1329234081633;
-88.2470339361523,40.1064838;
-88.346705,40.310783;
-88.2515767142857,40.0935587142857;
-88.2305936122449,40.126446877551;
-88.2875021298466,40.0915555712665;
-88.268977,40.088322;
-88.2487604795769,40.10913825;
-88.252205,40.103677;
-88.2828805149658,40.0876016369563;
-88.2746949000418,40.0983328417326;
-88.3497752653061,40.317580877551;
-88.2867372424552,40.0933070883371;
-88.2804398787879,40.0816616060606;
-88.2804398787879,40.0816616060606;
-88.2979936301878,40.1110742084072;
-88.2729464472093,40.1136388852037;
-88.2608256938775,40.1262187346939;
-88.2674150191964,40.1204827685056;
-88.2517271935859,40.0937728245717;
-88.2455911169556,40.1009825238105;
-88.257644,40.0981527;
-88.2581935510204,40.1134279387755;
-88.2486332653061,40.1041834081633;
-88.250201,40.114233;
-88.268703547479,40.1299396501418;
-88.297494,40.126254;
-88.271967,40.144181;
-88.2515714761117,40.1057139225482;
-88.2562979989918,40.0942009666936;
-88.2730333014177,40.1008418159472;
-88.2688876122449,40.1174596734694;
-88.2832995167483,40.0852076844302;
-88.2949397323944,40.1244857887324;
-83.5593738923498,40.223286363513;
-88.2736518517153,40.1004461178806;
-88.2533817142857,40.121262244898;
-88.2819727708333,40.0958904583333;
-88.2526444055796,40.1544702774309;
-88.27260325,40.09814975;
-88.255933,40.106154;
-88.2545670688402,40.0940282663543;
-88.288047,40.096078;
-88.271103,40.108866;
-88.2595485952381,40.1203030952381;
-88.278862942029,40.0973990144928;
-88.2646988423939,40.1306974161501;
-88.2476972264778,40.0999911159111;
-88.2676490480121,40.1319497074333;
-88.2612972747458,40.1278569169584;
-88.2520917959184,40.1134055714286;
-88.260212,40.116692;
-88.153187,40.006948;
-88.248337877551,40.1124632244898;
-88.2454648769107,40.1254043888313;
-88.2901946,40.112964;
-88.27720525,40.09512575;
-88.253377,40.09628;
-88.299617254685,40.1089090094554;
-88.2393595072414,40.1086401;
-88.2626546326531,40.1125219591837;
-88.2526963748481,40.0858713724182;
-88.269548,40.132451;
-88.2724973461539,40.0869967307692;
-88.247093122449,40.122209244898;
-88.2468204,40.1171864;
-88.2470001428571,40.1033336122449;
-88.302093,40.11203;
-88.2965848246285,40.1208192331451;
-88.2468204,40.1171864;
-88.2702084743496,40.0972495539158;
-88.2942976697681,40.1079215928151;
-88.2731650855436,40.115579120001;
-88.2836445005606,40.0870414363412;
-88.2736648333333,40.1318828333333;
-88.245171,40.117288;
-88.2812357315436,40.1090938120805;
-88.26297945,40.12732255;
-88.266275,40.111696;
-88.2438384285714,40.1220475918367;
-88.2279766431569,40.11663065;
-88.2897644244503,40.0996657211948;
-88.309217,40.107524;
-88.2726487197548,40.1128809241329;
-88.2412963157895,40.1260926315789;
-88.279196181818,40.0899316232832;
-88.3089966831252,40.1046925387316;
-88.2477723,40.1070143;
-88.2492502177996,40.0975926346647;
-88.2588615546193,40.0924674284977;
-88.2655336938775,40.1273586326531;
-88.2702207906273,40.0972516750525;
-88.2485947959184,40.1048632857143;
-88.2807717673748,40.0922027192153;
-88.2469109423339,40.099080633201;
-88.2834344366625,40.0868731491121;
-88.2538647288123,40.1066867964826;
-88.2536029435011,40.0962325214572;
-88.2334720612245,40.1174277142857;
-88.2739784502931,40.1342346147091;
-88.2352308163265,40.1154541020408;
-88.2368143745491,40.1172460845632;
-88.2703926776824,40.1162110167394;
-88.279335,40.112862;
-88.233302733217,40.11362;
-88.2667974565217,40.1272115652174;
-88.2682044711337,40.1299372867001;
-88.2682044711337,40.1299372867001;
-88.036978,40.111409;
-88.039325,40.110467;
-88.2805437726634,40.0921461465152;
-88.2726647755102,40.1109982857143;
-88.2703506588877,40.1327366921465;
-88.2454616938775,40.124671877551;
-88.25259425,40.1090905;
-88.3109646065218,40.0842818781574;
-88.2676806511785,40.1319610676951;
-88.2857842,40.0984207;
-88.240001,40.11028975;
-88.2329156527758,40.1104423;
-88.239949,40.110290125;
-88.3468186326531,40.3118081632653;
-88.239949,40.110290125;
-88.346818755102,40.3118277755102;
-88.239897,40.1102905;
-88.239897,40.1102905;
-88.2690336372377,40.1144101836136;
-88.2652375102041,40.1174273877551;
-88.2282989374457,40.1279055160732;
-88.2558416170902,40.1212699491558;
-88.238498,40.106451;
