-88.2838323921888,40.114628;
-88.2485022268927,40.1314652050217;
-88.2736371220088,40.1274681478836;
-88.2485304124013,40.1440927614094;
-88.2203790503068,40.1125857;
-88.2196459063074,40.130799450824;
-88.2390683476827,40.1057011;
-88.27163,39.911507;
-88.280560875,40.1275495972222;
-88.2514987,40.1180147;
-88.4302649026314,40.361232741545;
-88.26151,40.130891;
-88.2295091,40.1054384;
-88.2704085306122,40.146293;
-88.239138,40.105465;
-88.2133864675767,40.1141295;
-88.2185597497119,40.1245174;
-88.2138026776411,40.11105555;
-88.22207425,40.11573045;
-88.2216359243335,40.1157247;
-88.277086,40.137975;
-88.2366822653061,40.1154482040816;
-94.9402412722208,38.8100944456272;
-94.6096261439834,38.6797669881753;
-88.22292885,40.1142176;
-1.988103,52.5839213;
-88.248783675,40.1132846;
138.6135728,-34.7889085;
27.2398594,-25.6483289;
9.4741372,51.316755;
9.4741372,51.316755;
-89.7784639,33.1969622;
-89.7784639,33.1969622;
-71.1217025767536,42.7204785984412;
-88.2491976498849,40.1155397;
-88.2520269591837,40.1115891836735;
-72.6203675,42.1070383;
-88.2483470816326,40.1140868367347;
-97.273025958937,37.5433466605182;
-88.276696,40.104421;
-75.8786279020408,40.8251285612245;
-73.6694350430829,41.9851223894995;
-88.2347065840754,40.11513475;
-88.2368476122449,40.111365244898;
-88.248489,40.1206798;
-83.8114746458333,39.9025588125;
-75.971804,40.954608;
-88.2317197138124,40.1120221065236;
-88.2383806172383,40.10997075;
-88.23479075,40.10532375;
-88.2196460244336,40.1308147998404;
-97.0998249,31.8006458;
-88.2160968979592,40.1140413877551;
-88.2138479496909,40.11210865;
27.8974127,-25.7613505;
-88.2211257,40.11300995;
-88.216335,40.1112446;
-75.347988,40.1240285;
-88.2183263994077,40.1094579;
-88.2194317051604,40.112030096164;
-88.2177181,40.112804;
-80.3424188493151,40.9964503972603;
-88.219464232184,40.1146694165123;
-122.3377583,48.4191703;
-88.2701940907,40.1381095138312;
-88.2373098503304,40.11240485;
-88.2521549183673,40.1115893673469;
-75.14889175,39.94240175;
-95.9616232,29.0710871;
-88.234461976538,40.11056045;
-75.14910275,39.94243175;
-88.2384111836735,40.1089269795918;
-88.2350136844023,40.10823705;
-75.9702868791721,40.9541676797634;
-88.2351355,40.1062331;
-75.7600990478605,41.3428230113474;
-1.3467076,53.8922698;
-75.9723286989398,40.9547582479186;
-88.2368010816327,40.1101506734694;
-88.9201727142857,37.7440485510204;
-117.292478367347,34.1091895306122;
-88.2329253720327,40.11288015;
-88.2377312233177,40.11233615;
-82.9364775306123,42.3607502653061;
-88.2218217001109,40.1133299;
-75.3463425,40.1230935;
-88.2325512735833,40.1281252;
-73.7898113666667,42.6747199666667;
-88.2116385,40.1122032;
-88.231625396371,40.11467845;
-89.1946823,39.637687;