40.143172,-88.25864030000001;
40.10989199999999,-88.2390049;
40.1333809,-88.2587841;
40.1020855,-88.2770173;
40.1310054,-88.24392929999999;
40.1214646,-88.24377059999999;
40.1267214,-88.2581991;
40.09000959999999,-88.24731489999999;
40.1126533,-88.2856666;
40.116098,-88.2773459;
40.1020612,-88.2442019;
40.1021101,-88.2768165;
40.130202,-88.25764099999999;
40.1160711,-88.2294055;
40.1586157,-88.2758601;
40.131892,-88.2583911;
40.1468232,-88.2573153;
40.1277444,-88.27669089999999;
40.12153840000001,-88.24405860000002;
40.108745,-88.27633399999999;
40.1269065,-88.2199337;
40.1102916,-88.21895769999999;
40.0980419,-88.1910804;
40.1108482,-88.2190303;
40.0843898,-88.1899174;
40.1086496,-88.20463219999999;
40.11623609999999,-88.2133654;
40.13008749999999,-88.1984389;
40.1103166,-88.2187866;
40.1054701,-88.18920969999999;
40.1302934,-88.19846170000001;
40.1302664,-88.19700739999999;
40.1285003,-88.19919139999999;
40.0950779,-88.1909649;
40.1107634,-88.1619755;
40.1153841,-88.18895309999999;
40.1321221,-88.2202214;
40.1302083,-88.1968437;
40.1109094,-88.218768;
40.09807869999999,-88.1911707;
